         166
          42
          48
          31
          47
         212
           0
         117
          71
          56
         238
          68
          60
          13
           8
         197
         190
          45
         167
          34
         159
         112
          56
          93
         238
          43
          28
         206
         122
         149
         238
         252
         188
         154
          89
         188
         144
          66
          72
         223
          14
           5
          60
         178
         197
         193
         156
         205
         253
          56
         108
          52
         163
          74
         215
          81
         193
         249
          55
         231
          95
         255
         153
          18
          32
         147
         133
           2
         180
         161
         225
          62
         167
         222
         128
         230
          28
         238
         177
          35
          96
         233
          43
          27
         224
         180
           9
         215
          33
         170
          31
         124
         158
         106
          32
         241
          11
         123
          74
         100
          59
          54
         234
          33
         188
         200
         253
          72
          37
          96
         243
         116
          25
          98
          29
          45
         209
          88
         209
          95
          43
         130
         205
         129
          90
         219
          83
          61
         224
          31
         169
          78
         129
         234
         136
          89
          41
         225
         212
          42
         200
          51
          54
         199
          57
         205
         152
          25
          65
          10
